0 7f 00000000000000000001111111
1 bf 00000000000000000010111111
2 df 00000000000000000011011111
3 ef 00000000000000000011101111
4 f7 00000000000000000011110111
5 fb 00000000000000000011111011
6 fd 00000000000000000011111101
7 fe 00000000000000000011111110
8 13f 00000000000000000100111111
9 15f 00000000000000000101011111
10 16f 00000000000000000101101111
11 177 00000000000000000101110111
12 17b 00000000000000000101111011
13 17d 00000000000000000101111101
14 17e 00000000000000000101111110
15 19f 00000000000000000110011111
16 1af 00000000000000000110101111
17 1b7 00000000000000000110110111
18 1bb 00000000000000000110111011
19 1bd 00000000000000000110111101
20 1be 00000000000000000110111110
21 1cf 00000000000000000111001111
22 1d7 00000000000000000111010111
23 1db 00000000000000000111011011
24 1dd 00000000000000000111011101
25 1de 00000000000000000111011110
26 1e7 00000000000000000111100111
27 1eb 00000000000000000111101011
28 1ed 00000000000000000111101101
29 1ee 00000000000000000111101110
30 1f3 00000000000000000111110011
31 1f5 00000000000000000111110101
32 1f6 00000000000000000111110110
33 1f9 00000000000000000111111001
34 1fa 00000000000000000111111010
35 1fc 00000000000000000111111100
36 23f 00000000000000001000111111
37 25f 00000000000000001001011111
38 26f 00000000000000001001101111
39 277 00000000000000001001110111
40 27b 00000000000000001001111011
41 27d 00000000000000001001111101
42 27e 00000000000000001001111110
43 29f 00000000000000001010011111
44 2af 00000000000000001010101111
45 2b7 00000000000000001010110111
46 2bb 00000000000000001010111011
47 2bd 00000000000000001010111101
48 2be 00000000000000001010111110
49 2cf 00000000000000001011001111
50 2d7 00000000000000001011010111
51 2db 00000000000000001011011011
52 2dd 00000000000000001011011101
53 2de 00000000000000001011011110
54 2e7 00000000000000001011100111
55 2eb 00000000000000001011101011
56 2ed 00000000000000001011101101
57 2ee 00000000000000001011101110
58 2f3 00000000000000001011110011
59 2f5 00000000000000001011110101
60 2f6 00000000000000001011110110
61 2f9 00000000000000001011111001
62 2fa 00000000000000001011111010
63 2fc 00000000000000001011111100
64 31f 00000000000000001100011111
65 32f 00000000000000001100101111
66 337 00000000000000001100110111
67 33b 00000000000000001100111011
68 33d 00000000000000001100111101
69 33e 00000000000000001100111110
70 34f 00000000000000001101001111
71 357 00000000000000001101010111
72 35b 00000000000000001101011011
73 35d 00000000000000001101011101
74 35e 00000000000000001101011110
75 367 00000000000000001101100111
76 36b 00000000000000001101101011
77 36d 00000000000000001101101101
78 36e 00000000000000001101101110
79 373 00000000000000001101110011
80 375 00000000000000001101110101
81 376 00000000000000001101110110
82 379 00000000000000001101111001
83 37a 00000000000000001101111010
84 37c 00000000000000001101111100
85 38f 00000000000000001110001111
86 397 00000000000000001110010111
87 39b 00000000000000001110011011
88 39d 00000000000000001110011101
89 39e 00000000000000001110011110
90 3a7 00000000000000001110100111
91 3ab 00000000000000001110101011
92 3ad 00000000000000001110101101
93 3ae 00000000000000001110101110
94 3b3 00000000000000001110110011
95 3b5 00000000000000001110110101
96 3b6 00000000000000001110110110
97 3b9 00000000000000001110111001
98 3ba 00000000000000001110111010
99 3bc 00000000000000001110111100
100 3c7 00000000000000001111000111
101 3cb 00000000000000001111001011
102 3cd 00000000000000001111001101
103 3ce 00000000000000001111001110
104 3d3 00000000000000001111010011
105 3d5 00000000000000001111010101
106 3d6 00000000000000001111010110
107 3d9 00000000000000001111011001
108 3da 00000000000000001111011010
109 3dc 00000000000000001111011100
110 3e3 00000000000000001111100011
111 3e5 00000000000000001111100101
112 3e6 00000000000000001111100110
113 3e9 00000000000000001111101001
114 3ea 00000000000000001111101010
115 3ec 00000000000000001111101100
116 3f1 00000000000000001111110001
117 3f2 00000000000000001111110010
118 3f4 00000000000000001111110100
119 3f8 00000000000000001111111000
120 43f 00000000000000010000111111
121 45f 00000000000000010001011111
122 46f 00000000000000010001101111
123 477 00000000000000010001110111
124 47b 00000000000000010001111011
125 47d 00000000000000010001111101
126 47e 00000000000000010001111110
127 49f 00000000000000010010011111
128 4af 00000000000000010010101111
129 4b7 00000000000000010010110111
130 4bb 00000000000000010010111011
131 4bd 00000000000000010010111101
132 4be 00000000000000010010111110
133 4cf 00000000000000010011001111
134 4d7 00000000000000010011010111
135 4db 00000000000000010011011011
136 4dd 00000000000000010011011101
137 4de 00000000000000010011011110
138 4e7 00000000000000010011100111
139 4eb 00000000000000010011101011
140 4ed 00000000000000010011101101
141 4ee 00000000000000010011101110
142 4f3 00000000000000010011110011
143 4f5 00000000000000010011110101
144 4f6 00000000000000010011110110
145 4f9 00000000000000010011111001
146 4fa 00000000000000010011111010
147 4fc 00000000000000010011111100
148 51f 00000000000000010100011111
149 52f 00000000000000010100101111
150 537 00000000000000010100110111
151 53b 00000000000000010100111011
152 53d 00000000000000010100111101
153 53e 00000000000000010100111110
154 54f 00000000000000010101001111
155 557 00000000000000010101010111
156 55b 00000000000000010101011011
157 55d 00000000000000010101011101
158 55e 00000000000000010101011110
159 567 00000000000000010101100111
160 56b 00000000000000010101101011
161 56d 00000000000000010101101101
162 56e 00000000000000010101101110
163 573 00000000000000010101110011
164 575 00000000000000010101110101
165 576 00000000000000010101110110
166 579 00000000000000010101111001
167 57a 00000000000000010101111010
168 57c 00000000000000010101111100
169 58f 00000000000000010110001111
170 597 00000000000000010110010111
171 59b 00000000000000010110011011
172 59d 00000000000000010110011101
173 59e 00000000000000010110011110
174 5a7 00000000000000010110100111
175 5ab 00000000000000010110101011
176 5ad 00000000000000010110101101
177 5ae 00000000000000010110101110
178 5b3 00000000000000010110110011
179 5b5 00000000000000010110110101
180 5b6 00000000000000010110110110
181 5b9 00000000000000010110111001
182 5ba 00000000000000010110111010
183 5bc 00000000000000010110111100
184 5c7 00000000000000010111000111
185 5cb 00000000000000010111001011
186 5cd 00000000000000010111001101
187 5ce 00000000000000010111001110
188 5d3 00000000000000010111010011
189 5d5 00000000000000010111010101
190 5d6 00000000000000010111010110
191 5d9 00000000000000010111011001
192 5da 00000000000000010111011010
193 5dc 00000000000000010111011100
194 5e3 00000000000000010111100011
195 5e5 00000000000000010111100101
196 5e6 00000000000000010111100110
197 5e9 00000000000000010111101001
198 5ea 00000000000000010111101010
199 5ec 00000000000000010111101100
200 5f1 00000000000000010111110001
201 5f2 00000000000000010111110010
202 5f4 00000000000000010111110100
203 5f8 00000000000000010111111000
204 61f 00000000000000011000011111
205 62f 00000000000000011000101111
206 637 00000000000000011000110111
207 63b 00000000000000011000111011
208 63d 00000000000000011000111101
209 63e 00000000000000011000111110
210 64f 00000000000000011001001111
211 657 00000000000000011001010111
212 65b 00000000000000011001011011
213 65d 00000000000000011001011101
214 65e 00000000000000011001011110
215 667 00000000000000011001100111
216 66b 00000000000000011001101011
217 66d 00000000000000011001101101
218 66e 00000000000000011001101110
219 673 00000000000000011001110011
220 675 00000000000000011001110101
221 676 00000000000000011001110110
222 679 00000000000000011001111001
223 67a 00000000000000011001111010
224 67c 00000000000000011001111100
225 68f 00000000000000011010001111
226 697 00000000000000011010010111
227 69b 00000000000000011010011011
228 69d 00000000000000011010011101
229 69e 00000000000000011010011110
230 6a7 00000000000000011010100111
231 6ab 00000000000000011010101011
232 6ad 00000000000000011010101101
233 6ae 00000000000000011010101110
234 6b3 00000000000000011010110011
235 6b5 00000000000000011010110101
236 6b6 00000000000000011010110110
237 6b9 00000000000000011010111001
238 6ba 00000000000000011010111010
239 6bc 00000000000000011010111100
240 6c7 00000000000000011011000111
241 6cb 00000000000000011011001011
242 6cd 00000000000000011011001101
243 6ce 00000000000000011011001110
244 6d3 00000000000000011011010011
245 6d5 00000000000000011011010101
246 6d6 00000000000000011011010110
247 6d9 00000000000000011011011001
248 6da 00000000000000011011011010
249 6dc 00000000000000011011011100
250 6e3 00000000000000011011100011
251 6e5 00000000000000011011100101
252 6e6 00000000000000011011100110
253 6e9 00000000000000011011101001
254 6ea 00000000000000011011101010
255 6ec 00000000000000011011101100
256 6f1 00000000000000011011110001
257 6f2 00000000000000011011110010
258 6f4 00000000000000011011110100
259 6f8 00000000000000011011111000
260 70f 00000000000000011100001111
261 717 00000000000000011100010111
262 71b 00000000000000011100011011
263 71d 00000000000000011100011101
264 71e 00000000000000011100011110
265 727 00000000000000011100100111
266 72b 00000000000000011100101011
267 72d 00000000000000011100101101
268 72e 00000000000000011100101110
269 733 00000000000000011100110011
270 735 00000000000000011100110101
271 736 00000000000000011100110110
272 739 00000000000000011100111001
273 73a 00000000000000011100111010
274 73c 00000000000000011100111100
275 747 00000000000000011101000111
276 74b 00000000000000011101001011
277 74d 00000000000000011101001101
278 74e 00000000000000011101001110
279 753 00000000000000011101010011
280 755 00000000000000011101010101
281 756 00000000000000011101010110
282 759 00000000000000011101011001
283 75a 00000000000000011101011010
284 75c 00000000000000011101011100
285 763 00000000000000011101100011
286 765 00000000000000011101100101
287 766 00000000000000011101100110
288 769 00000000000000011101101001
289 76a 00000000000000011101101010
290 76c 00000000000000011101101100
291 771 00000000000000011101110001
292 772 00000000000000011101110010
293 774 00000000000000011101110100
294 778 00000000000000011101111000
295 787 00000000000000011110000111
296 78b 00000000000000011110001011
297 78d 00000000000000011110001101
298 78e 00000000000000011110001110
299 793 00000000000000011110010011
300 795 00000000000000011110010101
301 796 00000000000000011110010110
302 799 00000000000000011110011001
303 79a 00000000000000011110011010
304 79c 00000000000000011110011100
305 7a3 00000000000000011110100011
306 7a5 00000000000000011110100101
307 7a6 00000000000000011110100110
308 7a9 00000000000000011110101001
309 7aa 00000000000000011110101010
310 7ac 00000000000000011110101100
311 7b1 00000000000000011110110001
312 7b2 00000000000000011110110010
313 7b4 00000000000000011110110100
314 7b8 00000000000000011110111000
315 7c3 00000000000000011111000011
316 7c5 00000000000000011111000101
317 7c6 00000000000000011111000110
318 7c9 00000000000000011111001001
319 7ca 00000000000000011111001010
320 7cc 00000000000000011111001100
321 7d1 00000000000000011111010001
322 7d2 00000000000000011111010010
323 7d4 00000000000000011111010100
324 7d8 00000000000000011111011000
325 7e1 00000000000000011111100001
326 7e2 00000000000000011111100010
327 7e4 00000000000000011111100100
328 7e8 00000000000000011111101000
329 7f0 00000000000000011111110000
330 83f 00000000000000100000111111
331 85f 00000000000000100001011111
332 86f 00000000000000100001101111
333 877 00000000000000100001110111
334 87b 00000000000000100001111011
335 87d 00000000000000100001111101
336 87e 00000000000000100001111110
337 89f 00000000000000100010011111
338 8af 00000000000000100010101111
339 8b7 00000000000000100010110111
340 8bb 00000000000000100010111011
341 8bd 00000000000000100010111101
342 8be 00000000000000100010111110
343 8cf 00000000000000100011001111
344 8d7 00000000000000100011010111
345 8db 00000000000000100011011011
346 8dd 00000000000000100011011101
347 8de 00000000000000100011011110
348 8e7 00000000000000100011100111
349 8eb 00000000000000100011101011
350 8ed 00000000000000100011101101
351 8ee 00000000000000100011101110
352 8f3 00000000000000100011110011
353 8f5 00000000000000100011110101
354 8f6 00000000000000100011110110
355 8f9 00000000000000100011111001
356 8fa 00000000000000100011111010
357 8fc 00000000000000100011111100
358 91f 00000000000000100100011111
359 92f 00000000000000100100101111
360 937 00000000000000100100110111
361 93b 00000000000000100100111011
362 93d 00000000000000100100111101
363 93e 00000000000000100100111110
364 94f 00000000000000100101001111
365 957 00000000000000100101010111
366 95b 00000000000000100101011011
367 95d 00000000000000100101011101
368 95e 00000000000000100101011110
369 967 00000000000000100101100111
370 96b 00000000000000100101101011
371 96d 00000000000000100101101101
372 96e 00000000000000100101101110
373 973 00000000000000100101110011
374 975 00000000000000100101110101
375 976 00000000000000100101110110
376 979 00000000000000100101111001
377 97a 00000000000000100101111010
378 97c 00000000000000100101111100
379 98f 00000000000000100110001111
380 997 00000000000000100110010111
381 99b 00000000000000100110011011
382 99d 00000000000000100110011101
383 99e 00000000000000100110011110
384 9a7 00000000000000100110100111
385 9ab 00000000000000100110101011
386 9ad 00000000000000100110101101
387 9ae 00000000000000100110101110
388 9b3 00000000000000100110110011
389 9b5 00000000000000100110110101
390 9b6 00000000000000100110110110
391 9b9 00000000000000100110111001
392 9ba 00000000000000100110111010
393 9bc 00000000000000100110111100
394 9c7 00000000000000100111000111
395 9cb 00000000000000100111001011
396 9cd 00000000000000100111001101
397 9ce 00000000000000100111001110
398 9d3 00000000000000100111010011
399 9d5 00000000000000100111010101
400 9d6 00000000000000100111010110
401 9d9 00000000000000100111011001
402 9da 00000000000000100111011010
403 9dc 00000000000000100111011100
404 9e3 00000000000000100111100011
405 9e5 00000000000000100111100101
406 9e6 00000000000000100111100110
407 9e9 00000000000000100111101001
408 9ea 00000000000000100111101010
409 9ec 00000000000000100111101100
410 9f1 00000000000000100111110001
411 9f2 00000000000000100111110010
412 9f4 00000000000000100111110100
413 9f8 00000000000000100111111000
414 a1f 00000000000000101000011111
415 a2f 00000000000000101000101111
416 a37 00000000000000101000110111
417 a3b 00000000000000101000111011
418 a3d 00000000000000101000111101
419 a3e 00000000000000101000111110
420 a4f 00000000000000101001001111
421 a57 00000000000000101001010111
422 a5b 00000000000000101001011011
423 a5d 00000000000000101001011101
424 a5e 00000000000000101001011110
425 a67 00000000000000101001100111
426 a6b 00000000000000101001101011
427 a6d 00000000000000101001101101
428 a6e 00000000000000101001101110
429 a73 00000000000000101001110011
430 a75 00000000000000101001110101
431 a76 00000000000000101001110110
432 a79 00000000000000101001111001
433 a7a 00000000000000101001111010
434 a7c 00000000000000101001111100
435 a8f 00000000000000101010001111
436 a97 00000000000000101010010111
437 a9b 00000000000000101010011011
438 a9d 00000000000000101010011101
439 a9e 00000000000000101010011110
440 aa7 00000000000000101010100111
441 aab 00000000000000101010101011
442 aad 00000000000000101010101101
443 aae 00000000000000101010101110
444 ab3 00000000000000101010110011
445 ab5 00000000000000101010110101
446 ab6 00000000000000101010110110
447 ab9 00000000000000101010111001
448 aba 00000000000000101010111010
449 abc 00000000000000101010111100
450 ac7 00000000000000101011000111
451 acb 00000000000000101011001011
452 acd 00000000000000101011001101
453 ace 00000000000000101011001110
454 ad3 00000000000000101011010011
455 ad5 00000000000000101011010101
456 ad6 00000000000000101011010110
457 ad9 00000000000000101011011001
458 ada 00000000000000101011011010
459 adc 00000000000000101011011100
460 ae3 00000000000000101011100011
461 ae5 00000000000000101011100101
462 ae6 00000000000000101011100110
463 ae9 00000000000000101011101001
464 aea 00000000000000101011101010
465 aec 00000000000000101011101100
466 af1 00000000000000101011110001
467 af2 00000000000000101011110010
468 af4 00000000000000101011110100
469 af8 00000000000000101011111000
470 b0f 00000000000000101100001111
471 b17 000000000